,,,,,,,,,,,,,,,,,,,,,,
[48.8566, 2.3522]
,,,,,,,,,,,,,,,,,,,,,,
[-22.9068, -43.1729]
,,,,,,,,,,,,,,,,,,,,,,
[55.7558, 37.6176]
,,,,,,,,,,,,,,,,,,,,,,
[33.6844, -117.8265]
,,,,,,,,,,,,,,,,,,,,,,
[37.9838, 23.7275]
,,,,,,,,,,,,,,,,,,,,,,
[-34.6037, -58.3816]
,,,,,,,,,,,,,,,,,,,,,,
[55.6761, 12.5683]
,,,,,,,,,,,,,,,,,,,,,,
[41.9028, 12.4964]
,,,,,,,,,,,,,,,,,,,,,,
[25.2769, 55.2962]

,,,,,,,,
[29.2108, -81.0228]
2,2,22,2,2,2,2,2,2
[29.2108, -81.0228]
2,2,22,2,2,2,2,2,2
[29.1372, -81.0241]
,,,,,,,,
[29.2108, -81.0228]
