,,,,,,,,
[29.1372, -81.0241]
,,,,,,,,
[29.1372, -81.0241]
,,,,,,,,
[29.1372, -81.0241]
,,,,,,,,
[29.1372, -81.0241]
,,,,,,,,
[29.1372, -81.0241]
,,,,,,,,
[29.1372, -81.0241]
,,,,,,,,
[29.1372, -81.0241]
,,,,,,,,
[29.1372, -81.0241]
,,,,,,,,
[29.1372, -81.0241]
,,,,,,,,
[29.1372, -81.0241]
,,,,,,,,
[29.1372, -81.0241]
,,,,,,,,
[29.1372, -81.0241]
,,,,,,,,
[29.1372, -81.0241]
,,,,,,,,
[29.1372, -81.0241]
,,,,,,,,
[29.1372, -81.0241]
,,,,,,,,
[29.1372, -81.0241]
,,,,,,,,
[29.1372, -81.0241]
,,,,,,,,
[29.1372, -81.0241]
1,1,1,1,1,1,1,1,1
[29.1372, -81.0241]
11,1,23,23,23,23,23,23,23
[29.1372, -81.0241]
,,,,,,,,
[29.1372, -81.0241]
,,,,,,,,
[29.1372, -81.0241]
,,,,,,,,
[29.1372, -81.0241]
,,,,,,,,
[29.1372, -81.0241]
7.721,208,172,7,286,269,11,56,3
[29.1372, -81.0241]
,,,,,,,,
[29.1372, -81.0241]
7,1,1,4,250,400,25,1,0.1
[29.1372, -81.0241]
,,,,,,,,
[29.1372, -81.0241]
,,,,,,,,
[29.1372, -81.0241]
,,,,,,,,
[29.1372, -81.0241]
7,1,1,4,250,400,25,1,0.1
[29.1372, -81.0241]
,,,,,,,,
[29.1372, -81.0241]
,,,,,,,,
[29.1372, -81.0241]
,,,,,,,,
[29.1372, -81.0241]
,,,,,,,,
[29.1372, -81.0241]
,,,,,,,,
[29.1372, -81.0241]
,,,,,,,,
[29.1372, -81.0241]
1,2,3,45,5,6,7,6,5
[29.1372, -81.0241]
,,,,,,,,
[29.1372, -81.0241]
,,,,,,,,
[29.1372, -81.0241]
,,,,,,,,
[29.1372, -81.0241]
1,2,3,4,5,4,3,2,1
[29.1372, -81.0241]
,,,,,,,,
[29.1372, -81.0241]
1,2,3,4,5,6,4,3,2
[29.1372, -81.0241]
,,,,,,,,
[29.1372, -81.0241]
,,,,,,,,
[29.1372, -81.0241]
,,,,,,,,
[29.1372, -81.0241]
2,2,3,4,5,6,54,3,2
[29.1372, -81.0241]
,,,,,,,,
[29.1372, -81.0241]
1,2,3,41,1,1,2,3,4
[29.1372, -81.0241]
1,2,3,4,5,1,2,3,4
[29.1372, -81.0241]
2,3,4,1,2,3,1,2,3
[29.1372, -81.0241]
12,2,3,4,5,2,1,1,2
[29.1372, -81.0241]
3,32,2,3,4,2,2,3,3
[29.1372, -81.0241]
7,1,1,4,250,400,25,1,0.1
[29.1372, -81.0241]
7.721078493617457,208.43859260220216,172.48618742002742,7.688,286.4035,269.01363,11.757,56.884,3.29
[29.1372, -81.0241]
1000,123,123,123,123,123,123,123,123
[29.1372, -81.0241]
